1 1 0 101 197 49 157 105.0 210.0
1 1 1 105 196 47 159 105.15 210.05
1 1 2 102 198 52 156 105.3 210.1
1 1 3 111 205 51 159 105.45 210.15
1 1 4 108 207 52 161 105.6 210.2
1 1 5 116 200 50 157 105.75 210.25
1 1 6 117 207 50 162 105.9 210.3
1 1 7 118 209 49 155 106.05 210.35
1 1 8 122 210 50 156 106.2 210.4
1 1 9 123 213 50 157 106.35 210.45
1 1 10 125 210 52 159 106.5 210.5
1 1 11 132 215 50 155 106.65 210.55
1 1 12 131 216 52 157 106.8 210.6
1 1 13 136 208 51 163 106.95 210.65
1 1 14 146 215 51 163 107.1 210.7
1 1 15 147 215 51 156 107.25 210.75
1 1 16 148 217 49 159 107.4 210.8
1 1 17 148 220 48 163 107.55 210.85
1 1 18 158 214 47 158 107.7 210.9
1 1 19 152 215 48 155 107.85 210.95
1 1 20 156 218 51 159 108.0 211.0
1 1 21 159 216 52 164 108.15 211.05
1 1 22 161 223 47 163 108.3 211.1
1 1 23 171 224 49 158 108.45 211.15
1 1 24 172 219 51 160 108.6 211.2
1 1 25 176 227 52 158 108.75 211.25
1 1 26 181 228 50 160 108.9 211.3
1 1 27 176 225 52 162 109.05 211.35
1 1 28 179 229 51 159 109.2 211.4
1 1 29 187 226 49 161 109.35 211.45
1 1 30 192 229 49 161 109.5 211.5
1 1 31 192 227 48 161 109.65 211.55
1 1 32 193 234 50 164 109.8 211.6
1 1 33 202 230 51 160 109.95 211.65
1 1 34 203 238 52 163 110.1 211.7
1 1 35 205 233 47 155 110.25 211.75
1 1 36 210 235 49 164 110.4 211.8
1 1 37 213 241 51 164 110.55 211.85
1 1 38 218 233 52 161 110.7 211.9
1 1 39 220 239 47 156 110.85 211.95
1 1 40 215 241 49 164 111.0 212.0
1 1 41 227 241 47 160 111.15 212.05
1 1 42 225 245 52 163 111.3 212.1
1 1 43 228 243 48 158 111.45 212.15
1 1 44 228 240 47 157 111.6 212.2
1 1 45 237 245 51 164 111.75 212.25
1 1 46 233 247 47 162 111.9 212.3
1 1 47 239 246 52 156 112.05 212.35
1 1 48 240 249 49 157 112.2 212.4
1 1 49 245 249 48 155 112.35 212.45
1 1 50 250 245 52 156 112.5 212.5
1 1 51 249 255 52 156 112.65 212.55
1 1 52 251 247 47 156 112.8 212.6
1 1 53 255 249 47 162 112.95 212.65
1 1 54 258 255 52 162 113.1 212.7
1 1 55 264 258 48 157 113.25 212.75
1 1 56 270 260 50 160 113.4 212.8
1 1 57 274 261 48 162 113.55 212.85
1 1 58 277 260 50 155 113.7 212.9
1 1 59 281 255 49 160 113.85 212.95
1 1 60 276 257 48 162 114.0 213.0
1 1 61 283 259 49 164 114.15 213.05
1 1 62 287 264 48 155 114.3 213.1
1 1 63 293 267 49 155 114.45 213.15
1 1 64 294 268 49 163 114.6 213.2
1 1 65 290 269 52 163 114.75 213.25
1 1 66 300 265 52 160 114.9 213.3
1 1 67 298 271 52 155 115.05 213.35
1 1 68 308 268 50 157 115.2 213.4
1 1 69 310 269 48 163 115.35 213.45
1 1 70 309 271 50 158 115.5 213.5
1 1 71 314 271 51 158 115.65 213.55
1 1 72 312 269 52 159 115.8 213.6
1 1 73 314 268 51 156 115.95 213.65
1 1 74 323 278 48 156 116.1 213.7
1 1 75 327 271 50 158 116.25 213.75
1 1 76 324 277 49 159 116.4 213.8
1 1 77 326 276 52 162 116.55 213.85
1 1 78 338 274 49 160 116.7 213.9
1 1 79 339 280 48 155 116.85 213.95
1 1 80 343 284 47 164 117.0 214.0
1 1 81 345 277 48 156 117.15 214.05
1 1 82 346 279 51 157 117.3 214.1
1 1 83 344 278 52 156 117.45 214.15
1 1 84 350 280 47 158 117.6 214.2
1 1 85 358 280 50 156 117.75 214.25
1 1 86 353 282 47 155 117.9 214.3
1 1 87 359 289 48 162 118.05 214.35
1 1 88 360 290 50 159 118.2 214.4
1 1 89 367 293 51 158 118.35 214.45
1 1 90 369 286 47 156 118.5 214.5
1 1 91 374 294 50 159 118.65 214.55
1 1 92 380 293 50 162 118.8 214.6
1 1 93 376 292 50 163 118.95 214.65
1 1 94 379 296 48 160 119.1 214.7
1 1 95 388 293 48 158 119.25 214.75
1 1 96 383 299 50 160 119.4 214.8
1 1 97 387 292 47 164 119.55 214.85
1 1 98 392 300 50 157 119.7 214.9
1 1 99 393 294 51 161 119.85 214.95
1 2 0 501 796 47 158 125.0 240.0
1 2 1 496 802 50 158 124.9 239.95
1 2 2 496 799 51 162 124.8 239.9
1 2 3 490 798 49 164 124.7 239.85
1 2 4 492 797 49 164 124.6 239.8
1 2 5 494 796 48 158 124.5 239.75
1 2 6 488 792 47 156 124.4 239.7
1 2 7 481 797 52 155 124.3 239.65
1 2 8 479 792 48 156 124.2 239.6
1 2 9 486 787 52 156 124.1 239.55
1 2 10 478 791 52 162 124.0 239.5
1 2 11 480 789 49 163 123.9 239.45
1 2 12 475 790 47 163 123.8 239.4
1 2 13 476 786 48 162 123.7 239.35
1 2 14 476 782 52 162 123.6 239.3
1 2 15 471 789 51 155 123.5 239.25
1 2 16 463 779 51 160 123.4 239.2
1 2 17 463 786 47 162 123.3 239.15
1 2 18 462 780 47 156 123.2 239.1
1 2 19 459 780 50 155 123.1 239.05
1 2 20 464 779 47 162 123.0 239.0
1 2 21 458 782 51 158 122.9 238.95
1 2 22 457 780 48 164 122.8 238.9
1 2 23 458 772 50 156 122.7 238.85
1 2 24 451 774 50 162 122.6 238.8
1 2 25 446 777 48 155 122.5 238.75
1 2 26 443 770 50 164 122.4 238.7
1 2 27 443 771 49 160 122.3 238.65
1 2 28 447 776 48 155 122.2 238.6
1 2 29 445 769 48 162 122.1 238.55
1 2 30 443 771 52 160 122.0 238.5
1 2 31 438 770 47 162 121.9 238.45
1 2 32 439 771 47 163 121.8 238.4
1 2 33 438 769 52 163 121.7 238.35
1 2 34 432 765 49 162 121.6 238.3
1 2 35 425 761 48 156 121.5 238.25
1 2 36 429 759 52 159 121.4 238.2
1 2 37 428 758 52 155 121.3 238.15
1 2 38 421 765 47 162 121.2 238.1
1 2 39 424 763 49 156 121.1 238.05
1 2 40 421 764 47 157 121.0 238.0
1 2 41 420 756 47 156 120.9 237.95
1 2 42 412 758 47 162 120.8 237.9
1 2 43 413 753 52 163 120.7 237.85
1 2 44 411 754 49 158 120.6 237.8
1 2 45 408 757 51 162 120.5 237.75
1 2 46 406 749 52 159 120.4 237.7
1 2 47 408 753 50 156 120.3 237.65
1 2 48 399 749 51 163 120.2 237.6
1 2 49 406 755 51 161 120.1 237.55
1 2 50 395 754 51 159 120.0 237.5
1 2 51 402 747 50 163 119.9 237.45
1 2 52 392 747 52 156 119.8 237.4
1 2 53 394 751 48 163 119.7 237.35
1 2 54 389 745 48 164 119.6 237.3
1 2 55 390 745 49 161 119.5 237.25
1 2 56 385 743 51 160 119.4 237.2
1 2 57 387 744 51 160 119.3 237.15
1 2 58 387 743 49 157 119.2 237.1
1 2 59 381 743 49 158 119.1 237.05
1 2 60 375 739 50 164 119.0 237.0
1 2 61 375 738 48 163 118.9 236.95
1 2 62 374 734 51 158 118.8 236.9
1 2 63 369 734 50 155 118.7 236.85
1 2 64 375 734 50 158 118.6 236.8
1 2 65 366 732 52 164 118.5 236.75
1 2 66 367 732 48 157 118.4 236.7
1 2 67 365 735 47 164 118.3 236.65
1 2 68 368 731 47 163 118.2 236.6
1 2 69 357 727 52 158 118.1 236.55
1 2 70 358 733 47 160 118.0 236.5
1 2 71 356 726 52 162 117.9 236.45
1 2 72 356 725 52 158 117.8 236.4
1 2 73 353 726 48 156 117.7 236.35
1 2 74 351 723 48 155 117.6 236.3
1 2 75 353 724 47 161 117.5 236.25
1 2 76 345 726 49 161 117.4 236.2
1 2 77 343 723 49 156 117.3 236.15
1 2 78 348 719 50 158 117.2 236.1
1 2 79 345 725 50 159 117.1 236.05
1 2 80 343 720 50 162 117.0 236.0
1 2 81 338 720 51 158 116.9 235.95
1 2 82 340 721 47 162 116.8 235.9
1 2 83 330 712 52 155 116.7 235.85
1 2 84 333 720 47 162 116.6 235.8
1 2 85 328 710 50 157 116.5 235.75
1 2 86 325 713 51 164 116.4 235.7
1 2 87 323 716 47 164 116.3 235.65
1 2 88 323 707 47 159 116.2 235.6
1 2 89 324 711 47 162 116.1 235.55
1 2 90 321 713 52 161 116.0 235.5
1 2 91 313 705 47 159 115.9 235.45
1 2 92 320 711 48 157 115.8 235.4
1 2 93 314 702 48 162 115.7 235.35
1 2 94 315 710 48 158 115.6 235.3
1 2 95 306 700 52 159 115.5 235.25
1 2 96 308 702 49 163 115.4 235.2
1 2 97 305 700 48 163 115.3 235.15
1 2 98 304 701 51 158 115.2 235.1
1 2 99 299 698 49 158 115.1 235.05
2 1 0 104 198 52 162 105.0 210.0
2 1 1 100 203 52 157 105.15 210.05
2 1 2 108 200 50 157 105.3 210.1
2 1 3 109 202 51 155 105.45 210.15
2 1 4 111 205 48 158 105.6 210.2
2 1 5 110 203 47 162 105.75 210.25
2 1 6 116 206 51 160 105.9 210.3
2 1 7 122 210 51 161 106.05 210.35
2 1 8 124 210 50 164 106.2 210.4
2 1 9 128 207 48 164 106.35 210.45
2 1 10 126 207 51 161 106.5 210.5
2 1 11 136 208 49 161 106.65 210.55
2 1 12 136 215 51 164 106.8 210.6
2 1 13 136 213 51 161 106.95 210.65
2 1 14 143 215 47 155 107.1 210.7
2 1 15 140 216 49 158 107.25 210.75
2 1 16 146 220 50 157 107.4 210.8
2 1 17 147 215 49 156 107.55 210.85
2 1 18 154 221 51 164 107.7 210.9
2 1 19 154 218 52 158 107.85 210.95
2 1 20 161 216 51 156 108.0 211.0
2 1 21 167 217 48 161 108.15 211.05
2 1 22 162 221 48 163 108.3 211.1
2 1 23 165 225 52 155 108.45 211.15
2 1 24 172 220 47 164 108.6 211.2
2 1 25 174 224 48 157 108.75 211.25
2 1 26 173 228 51 162 108.9 211.3
2 1 27 182 230 51 157 109.05 211.35
2 1 28 184 224 48 161 109.2 211.4
2 1 29 190 231 50 161 109.35 211.45
2 1 30 194 231 49 156 109.5 211.5
2 1 31 194 229 48 155 109.65 211.55
2 1 32 198 235 50 162 109.8 211.6
2 1 33 203 231 50 160 109.95 211.65
2 1 34 203 237 50 160 110.1 211.7
2 1 35 204 232 52 162 110.25 211.75
2 1 36 209 232 47 160 110.4 211.8
2 1 37 212 238 48 163 110.55 211.85
2 1 38 216 234 47 164 110.7 211.9
2 1 39 216 239 49 161 110.85 211.95
2 1 40 219 237 50 158 111.0 212.0
2 1 41 218 245 51 157 111.15 212.05
2 1 42 230 240 52 157 111.3 212.1
2 1 43 233 245 50 162 111.45 212.15
2 1 44 230 239 52 155 111.6 212.2
2 1 45 230 243 50 161 111.75 212.25
2 1 46 242 246 48 158 111.9 212.3
2 1 47 245 248 47 156 112.05 212.35
2 1 48 240 250 50 157 112.2 212.4
2 1 49 247 245 47 155 112.35 212.45
2 1 50 252 246 50 156 112.5 212.5
2 1 51 255 255 52 156 112.65 212.55
2 1 52 255 255 48 164 112.8 212.6
2 1 53 261 257 51 164 112.95 212.65
2 1 54 257 252 47 156 113.1 212.7
2 1 55 260 250 52 160 113.25 212.75
2 1 56 270 259 52 158 113.4 212.8
2 1 57 267 255 47 157 113.55 212.85
2 1 58 272 260 50 160 113.7 212.9
2 1 59 274 262 52 158 113.85 212.95
2 1 60 276 258 52 160 114.0 213.0
2 1 61 283 265 47 157 114.15 213.05
2 1 62 289 258 52 161 114.3 213.1
2 1 63 292 258 49 163 114.45 213.15
2 1 64 292 261 51 164 114.6 213.2
2 1 65 292 260 51 156 114.75 213.25
2 1 66 297 269 47 161 114.9 213.3
2 1 67 302 265 47 156 115.05 213.35
2 1 68 299 270 48 158 115.2 213.4
2 1 69 311 271 49 155 115.35 213.45
2 1 70 308 269 47 156 115.5 213.5
2 1 71 313 266 50 163 115.65 213.55
2 1 72 312 272 52 159 115.8 213.6
2 1 73 320 268 52 161 115.95 213.65
2 1 74 324 276 47 155 116.1 213.7
2 1 75 328 277 48 158 116.25 213.75
2 1 76 332 279 47 162 116.4 213.8
2 1 77 335 274 50 163 116.55 213.85
2 1 78 336 273 51 159 116.7 213.9
2 1 79 340 281 52 163 116.85 213.95
2 1 80 340 283 48 159 117.0 214.0
2 1 81 338 276 51 160 117.15 214.05
2 1 82 346 282 47 159 117.3 214.1
2 1 83 344 284 50 161 117.45 214.15
2 1 84 351 284 52 161 117.6 214.2
2 1 85 355 284 50 164 117.75 214.25
2 1 86 359 283 48 158 117.9 214.3
2 1 87 359 282 48 155 118.05 214.35
2 1 88 367 288 49 159 118.2 214.4
2 1 89 370 292 47 163 118.35 214.45
2 1 90 374 291 48 158 118.5 214.5
2 1 91 368 288 49 164 118.65 214.55
2 1 92 374 287 50 155 118.8 214.6
2 1 93 381 292 47 155 118.95 214.65
2 1 94 379 291 49 162 119.1 214.7
2 1 95 389 297 50 155 119.25 214.75
2 1 96 386 299 47 164 119.4 214.8
2 1 97 388 294 52 157 119.55 214.85
2 1 98 398 299 49 162 119.7 214.9
2 1 99 392 297 48 160 119.85 214.95
2 2 0 504 795 52 162 125.0 240.0
2 2 1 493 798 47 161 124.9 239.95
2 2 2 492 796 48 157 124.8 239.9
2 2 3 496 798 49 155 124.7 239.85
2 2 4 488 795 50 156 124.6 239.8
2 2 5 490 794 49 158 124.5 239.75
2 2 6 484 792 50 160 124.4 239.7
2 2 7 483 797 49 160 124.3 239.65
2 2 8 484 794 51 163 124.2 239.6
2 2 9 484 795 49 160 124.1 239.55
2 2 10 482 787 50 161 124.0 239.5
2 2 11 477 787 49 159 123.9 239.45
2 2 12 475 788 49 164 123.8 239.4
2 2 13 469 787 50 159 123.7 239.35
2 2 14 474 781 49 160 123.6 239.3
2 2 15 469 781 52 157 123.5 239.25
2 2 16 467 779 49 162 123.4 239.2
2 2 17 470 786 49 158 123.3 239.15
2 2 18 468 786 51 160 123.2 239.1
2 2 19 466 778 49 161 123.1 239.05
2 2 20 460 779 51 163 123.0 239.0
2 2 21 462 782 49 160 122.9 238.95
2 2 22 451 778 48 163 122.8 238.9
2 2 23 454 772 51 156 122.7 238.85
2 2 24 451 779 50 155 122.6 238.8
2 2 25 452 772 51 155 122.5 238.75
2 2 26 446 774 47 157 122.4 238.7
2 2 27 444 774 51 156 122.3 238.65
2 2 28 445 770 49 158 122.2 238.6
2 2 29 438 768 50 157 122.1 238.55
2 2 30 440 765 50 162 122.0 238.5
2 2 31 441 765 50 163 121.9 238.45
2 2 32 432 766 50 160 121.8 238.4
2 2 33 438 765 49 160 121.7 238.35
2 2 34 430 768 50 157 121.6 238.3
2 2 35 425 760 52 162 121.5 238.25
2 2 36 432 763 47 155 121.4 238.2
2 2 37 429 762 52 159 121.3 238.15
2 2 38 425 764 48 159 121.2 238.1
2 2 39 418 765 49 157 121.1 238.05
2 2 40 423 755 52 158 121.0 238.0
2 2 41 414 754 47 158 120.9 237.95
2 2 42 414 753 47 159 120.8 237.9
2 2 43 415 761 52 160 120.7 237.85
2 2 44 411 751 49 160 120.6 237.8
2 2 45 414 751 49 158 120.5 237.75
2 2 46 408 752 48 164 120.4 237.7
2 2 47 410 748 52 160 120.3 237.65
2 2 48 405 751 50 161 120.2 237.6
2 2 49 398 752 52 155 120.1 237.55
2 2 50 399 750 52 162 120.0 237.5
2 2 51 394 752 50 158 119.9 237.45
2 2 52 393 746 51 161 119.8 237.4
2 2 53 393 744 49 163 119.7 237.35
2 2 54 387 749 52 164 119.6 237.3
2 2 55 386 745 50 157 119.5 237.25
2 2 56 384 741 47 159 119.4 237.2
2 2 57 386 744 48 164 119.3 237.15
2 2 58 384 738 52 164 119.2 237.1
2 2 59 378 741 47 156 119.1 237.05
2 2 60 383 744 52 156 119.0 237.0
2 2 61 376 736 49 162 118.9 236.95
2 2 62 376 735 52 160 118.8 236.9
2 2 63 378 740 48 157 118.7 236.85
2 2 64 367 738 52 156 118.6 236.8
2 2 65 369 735 51 160 118.5 236.75
2 2 66 365 735 52 158 118.4 236.7
2 2 67 364 736 52 161 118.3 236.65
2 2 68 368 734 48 157 118.2 236.6
2 2 69 366 732 51 163 118.1 236.55
2 2 70 361 729 52 158 118.0 236.5
2 2 71 360 733 49 156 117.9 236.45
2 2 72 357 730 51 161 117.8 236.4
2 2 73 350 723 50 157 117.7 236.35
2 2 74 348 728 50 160 117.6 236.3
2 2 75 350 724 50 164 117.5 236.25
2 2 76 352 719 49 156 117.4 236.2
2 2 77 350 723 47 157 117.3 236.15
2 2 78 347 720 50 157 117.2 236.1
2 2 79 345 725 49 163 117.1 236.05
2 2 80 342 720 51 158 117.0 236.0
2 2 81 338 716 48 160 116.9 235.95
2 2 82 332 719 52 158 116.8 235.9
2 2 83 336 713 52 161 116.7 235.85
2 2 84 331 718 48 164 116.6 235.8
2 2 85 332 713 49 164 116.5 235.75
2 2 86 330 717 47 157 116.4 235.7
2 2 87 323 711 50 160 116.3 235.65
2 2 88 324 710 52 162 116.2 235.6
2 2 89 324 707 47 156 116.1 235.55
2 2 90 322 708 52 159 116.0 235.5
2 2 91 315 709 51 162 115.9 235.45
2 2 92 311 712 51 159 115.8 235.4
2 2 93 314 711 50 164 115.7 235.35
2 2 94 307 707 52 159 115.6 235.3
2 2 95 313 708 48 155 115.5 235.25
2 2 96 312 702 51 162 115.4 235.2
2 2 97 310 699 51 160 115.3 235.15
2 2 98 303 704 52 159 115.2 235.1
2 2 99 305 702 49 163 115.1 235.05
